0.000000000000000000e+00
1.101378287711977269e-11
1.690219334676378630e-09
5.953387690826123581e-08
9.093027401123487655e-07
7.909624392380975951e-06
4.590704301827116173e-05
1.972499269299568439e-04
6.742354874298851081e-04
1.929746215114443381e-03
4.799923903958061393e-03
1.066511284241227625e-02
2.161205297988383692e-02
4.058109352937955966e-02
7.148560780639860723e-02
1.192953173975852266e-01
1.900797511190354117e-01
2.910119089327554143e-01
4.303350915528451615e-01
6.172977660001983669e-01
8.620623808794395382e-01
1.175594398324847134e+00
1.569537657893216975e+00
2.056081698987691553e+00
2.647825980898597109e+00
3.357645159346510866e+00
4.198558781962518083e+00
5.183608003929355945e+00
6.325741230789887481e+00
7.637709985153723125e+00
9.131975774053898931e+00
1.082062830318840163e+01
1.271531503782134465e+01
1.482718183967677739e+01
1.716682420544623611e+01
1.974424848595938897e+01
2.256884236634641638e+01
2.564935382805426300e+01
2.899387778564175733e+01
3.260984958810575307e+01
3.650404459028410997e+01
4.068258302974852114e+01
4.515093948449064953e+01
4.991395623330620879e+01
5.497585989144552343e+01
6.034028074671862640e+01
6.601027427420474680e+01
7.198834435977863677e+01
7.827646781293569234e+01
8.487611979722751698e+01
9.178829985157851468e+01
9.901355821759787545e+01
1.065520222265779182e+02
1.144034225351751815e+02
1.225671190308460012e+02
1.310421262570479541e+02
1.398271382341875722e+02
1.489205525754444750e+02
1.583204938171287210e+02
1.680248359013259574e+02
1.780312237644444906e+02
1.883370939990988973e+02
1.989396945687290668e+02
2.098361035646471748e+02
2.210232470039920543e+02
2.324979156745017406e+02
2.442567810382674054e+02
2.562964102117936704e+02
2.686132800439388575e+02
2.812037903167055788e+02
2.940642760965525895e+02
3.071910192659410086e+02
3.205802592663482073e+02
3.342282030850164460e+02
3.481310345183324557e+02
3.622849227450303715e+02
3.766860302424023530e+02
3.913305200784502631e+02
4.062145626124599858e+02
4.213343416358602553e+02
4.366860599844658850e+02
4.522659446523432507e+02
4.680702514365796674e+02
4.840952691412244349e+02
5.003373233676073824e+02
5.167927799171462766e+02
5.334580478316383960e+02
5.503295820949193740e+02
5.674038860186457214e+02
5.846775133338570640e+02
6.021470700088729018e+02
6.198092158130184544e+02
6.376606656446223269e+02
6.556981906407214638e+02
6.739186190849237619e+02
6.923188371289419365e+02
7.108957893424056920e+02
7.296464791046973914e+02
7.485679688517340082e+02
7.676573801898416605e+02
7.869118938881272243e+02
8.063287497600585993e+02
8.259052464443092276e+02
8.456387410942913903e+02
8.655266489852216409e+02
8.855664430469948911e+02
9.057556533306019446e+02
9.260918664153078907e+02
9.465727247632909211e+02
9.671959260279381851e+02
9.879592223215066724e+02
1.008860419447330059e+03
1.029897376101268037e+03
1.051068003046581907e+03
1.072370262265904785e+03
1.093802166093473033e+03
1.115361776330285238e+03
1.137047203344370928e+03
1.158856605157885269e+03
1.180788186522325987e+03
1.202840197982776544e+03
1.225010934931734482e+03
1.247298736652840489e+03
1.269701985354578483e+03
1.292219105193914402e+03
1.314848561289772078e+03
1.337588858726266380e+03
1.360438541545712951e+03
1.383396191731593262e+03
1.406460428181889711e+03
1.429629905673472194e+03
1.452903313818540255e+03
1.476279376014472064e+03
1.499756848388773960e+03
1.523334518741181228e+03
1.547011205485295022e+03
1.570785756592435519e+03
1.594657048540643018e+03
1.618623985271980928e+03
1.642685497161418652e+03
1.666840540000655892e+03
1.691088094000260526e+03
1.715427162813429732e+03
1.739856772584554847e+03
1.764375971025581521e+03
1.788983826522907066e+03
1.813679427277272225e+03
1.838460175600154344e+03
1.863240923923035325e+03
1.888021672245917216e+03
1.912802420568798652e+03
1.937583168891680316e+03
1.962363917214561297e+03
1.987144665537442734e+03
2.011925413860324397e+03
2.036706162183206061e+03
2.061486910506087497e+03
2.086267658828969161e+03
2.111048407151850370e+03
2.135829155474732033e+03
2.160609903797613697e+03
2.185390652120494906e+03
2.210171400443377024e+03
2.234952148766257778e+03
2.259732897089139442e+03
2.284513645412021106e+03
2.309294393734902769e+03
2.334075142057783523e+03
2.358855890380665187e+03
2.383636638703546851e+03
2.408417387026428059e+03
2.433198135349309723e+03
2.457978883672191841e+03
2.482759631995072141e+03
2.507540380317954714e+03
2.532321128640835923e+03
2.557101876963717132e+03
2.581882625286598795e+03
2.606663373609480004e+03
2.631444121932361213e+03
2.656224870255242877e+03
2.681005618578124540e+03
2.705786366901005749e+03
2.730567115223887413e+03
2.755347863546769531e+03
2.780128611869649831e+03
2.804909360192531494e+03
2.829690108515413158e+03
2.854470856838294822e+03
2.879251605161177395e+03
2.904032353484058149e+03
2.928813101806939812e+03
2.953593850129821476e+03
2.978374598452702230e+03
3.003155346775583894e+03
3.027936095098465557e+03
3.052716843421346766e+03
3.077497591744227975e+03
3.102278340067110094e+03
3.127059088389991302e+03
3.127059088389991302e+03
