-6.000000000000000000e+01
-5.516886112276775123e+01
-5.485642501200352683e+01
-5.455061792946633403e+01
-5.307344475060353517e+01
-4.835862990581984633e+01
-3.765732284554176346e+01
-1.822644852095456969e+01
1.215643035145860651e+01
5.498365140234154325e+01
1.110288217731536946e+02
1.804680998408495611e+02
2.630340323781369420e+02
3.581606733505655598e+02
4.651031013766249202e+02
5.830278995112522580e+02
7.110774002099677773e+02
8.484126812387628433e+02
9.942404508927367033e+02
1.147828247905917806e+03
1.308511430633114969e+03
1.475694548997015772e+03
1.648848996216505157e+03
1.827508330812378972e+03
2.011262299116026725e+03
2.199750322665312979e+03
2.392655004607642695e+03
2.589696033669476947e+03
2.790624716334932145e+03
2.994506219802632586e+03
3.198387723270334391e+03
3.402269226738035741e+03
3.606150730205737091e+03
3.810032233673438895e+03
4.013913737141139791e+03
4.217795240608841596e+03
4.421676744076542491e+03
4.625558247544244296e+03
4.829439751011946100e+03
5.033321254479647905e+03
5.237202757947346981e+03
