-6.000000000000000000e+01
-5.516887246247264898e+01
-5.485712025811284320e+01
-5.456000898149451928e+01
-5.312884880236046570e+01
-4.855491050648973328e+01
-3.815933318238366212e+01
-1.926093219638467247e+01
1.032007520413974255e+01
5.205426550065456581e+01
1.067109435495501941e+02
1.744744371571846955e+02
2.550932529983616632e+02
3.480215067650468086e+02
4.525358298740665646e+02
5.678241590731842052e+02
6.930489875719315478e+02
8.273898443813037602e+02
9.700699557667826411e+02
1.120371379592716039e+03
1.277642007452125881e+03
1.441296995607697909e+03
1.610816518605279498e+03
1.785741242099875535e+03
1.965666545812629238e+03
2.150236250663435840e+03
2.339136384653201276e+03
2.532089342937409128e+03
2.728848651903313112e+03
2.928743839643170759e+03
3.130352952639273099e+03
3.333499479914507447e+03
3.536646007189742249e+03
3.739792534464976598e+03
3.942939061740211400e+03
4.146085589015446203e+03
4.349232116290681006e+03
4.552378643565914899e+03
4.755525170841150612e+03
4.958671698116384505e+03
5.161818225391618398e+03
