-8.000000000000000000e+01
-7.357327906622562352e+01
-7.318374108385367549e+01
-7.312988105846802966e+01
-7.311876351011321162e+01
-7.311582692044235898e+01
-7.311490718938084399e+01
-7.311458011327188444e+01
-7.311445064270024830e+01
-7.311439150074311044e+01
-7.311435311158273009e+01
-7.311430691270402349e+01
-7.311422384026867860e+01
-7.311406238751956721e+01
-7.311375876876994084e+01
-7.311321689409324165e+01
-7.311229753420668942e+01
-7.311080666780560477e+01
-7.310848325047894036e+01
-7.310498674355235948e+01
-7.309988476999276941e+01
-7.309264125389422873e+01
-7.308260536638721305e+01
-7.306900155336050773e+01
-7.305092086617798941e+01
-7.302731376012764031e+01
-7.299698447037361859e+01
-7.295858702398800233e+01
-7.291062290077869079e+01
-7.285144031600088965e+01
-7.277923506490208183e+01
-7.269205284243707865e+01
-7.258779293100558050e+01
-7.246421313424575317e+01
-7.231893582513380636e+01
-7.214945497123299845e+01
-7.195314399826857255e+01
-7.172726435461126471e+01
-7.146897464314490378e+01
-7.117534019284715896e+01
-7.084334294970184942e+01
-7.046989157491861988e+01
-7.005183164746367197e+01
-6.958595587731632293e+01
-6.906901424541150902e+01
-6.849772399568276171e+01
-6.786877941388053159e+01
-6.717886133670116067e+01
-6.642464634321400752e+01
-6.560281558848387817e+01
-6.471006324667415299e+01
-6.374310453769427909e+01
-6.269868331767737857e+01
-6.157357921919245314e+01
-6.036461433216283012e+01
-5.906865942096287370e+01
-5.768263967716272589e+01
-5.620354001087540041e+01
-5.462840988669551479e+01
-5.295436771282037114e+01
-5.117860479414364505e+01
-4.929838886196152714e+01
-4.731106719443644693e+01
-4.521406934317889181e+01
-4.300490948225313304e+01
-4.068118839661196517e+01
-3.824059512746206480e+01
-3.568090829235813999e+01
-3.299999709796414038e+01
-3.019582206341234354e+01
-2.726643547205794960e+01
-2.420998156919258903e+01
-2.102469652295008373e+01
-1.770890816523585087e+01
-1.426103552904690019e+01
-1.067958819803212833e+01
-6.963165483589579097e+00
-3.110455444209872411e+00
8.797662388323226335e-01
5.008637515959892816e+00
9.277211341100922937e+00
1.368645714861019158e+01
1.823726242372566020e+01
2.293043435560890586e+01
2.776670156263745781e+01
3.274671588022284396e+01
3.787105420202254180e+01
4.314022036598852594e+01
4.855464707725488438e+01
5.411469786040596830e+01
5.982066903418618153e+01
6.567279170221226536e+01
7.167123375372594296e+01
7.781610186888218550e+01
8.410744352350353381e+01
9.054524898864579541e+01
9.712945332071433313e+01
1.038599383382408945e+02
1.107365345817853211e+02
1.177590232537593522e+02
1.249271381352815382e+02
1.322405674774703925e+02
1.396989558648571403e+02
1.473019060488603600e+02
1.550489807495080470e+02
1.629397044238197338e+02
1.709735649994732682e+02
1.791500155725783259e+02
1.874684760685615856e+02
1.959283348653390533e+02
2.045289503781083624e+02
2.132696526052414470e+02
2.221497446348891458e+02
2.311685041120358051e+02
2.403251846658547493e+02
2.496190172973191466e+02
2.590492117271189159e+02
2.686149577040220038e+02
2.783154262738945590e+02
2.881497710096693368e+02
2.981171292026145920e+02
3.082166230153119386e+02
3.184473605968115635e+02
3.288084371604684861e+02
3.392989360250127220e+02
3.499179296194406561e+02
3.606644804523473908e+02
3.715376420463416025e+02
3.825364598382186045e+02
3.936599720455771489e+02
4.049072105005887465e+02
4.162772014516376657e+02
4.277689663335642649e+02
4.393815225072494286e+02
4.511138839692831652e+02
4.629650620324682109e+02
4.749340659779043676e+02
4.870199036794058998e+02
4.992215822009982276e+02
5.115381083682341909e+02
5.239684893140712347e+02
5.365117330000443872e+02
5.491668487134526231e+02
5.619328475412820580e+02
5.748087428215723094e+02
5.877935505729191163e+02
6.008862899028071070e+02
6.140859833954443729e+02
6.273916574797626708e+02
6.408023427782387671e+02
6.543170744371716410e+02
6.679348924390435513e+02
6.816548418975863797e+02
6.954759733361348708e+02
7.093973429498734049e+02
7.234180128525343889e+02
7.375370513081169292e+02
7.517535329481654571e+02
7.660665389751450221e+02
7.804751573524208652e+02
7.949784829813650049e+02
8.095756178660598152e+02
8.242656712660930225e+02
8.390477598378965922e+02
8.539210077650878929e+02
8.688845468782481021e+02
8.839375167645620195e+02
8.990790648677315176e+02
9.143083465785673525e+02
9.296245253166432576e+02
9.450267726033860072e+02
9.605142681269700233e+02
9.760861997993664545e+02
9.917417638058907414e+02
1.007480164647573361e+03
1.023300615176677070e+03
1.039202336625670341e+03
1.055184558629952562e+03
1.071246519244620231e+03
1.087387464955553469e+03
1.103606650685091836e+03
1.119903339792552515e+03
1.136276804069857462e+03
1.152726323732490982e+03
1.169251187406036479e+03
1.185850692108510202e+03
1.202524143228705952e+03
1.219270854500763789e+03
1.236090147975165564e+03
1.252981353986340082e+03
1.269943811117075256e+03
1.286976866159908241e+03
1.304079874075667931e+03
1.321252197949334004e+03
1.338493208943371656e+03
1.355802286248688461e+03
1.373178817033369114e+03
1.390622196389318333e+03
1.408131827276946751e+03
1.425707120468029871e+03
1.443347494486864889e+03
1.461052375549837734e+03
1.478821197503513986e+03
1.496653401761367377e+03
1.514548437239241593e+03
1.532505760289648606e+03
1.550524834635001525e+03
1.568605131299872028e+03
1.586746128542365568e+03
1.604947311784698968e+03
1.623208173543070188e+03
1.641528213356895549e+03
1.659906937717507617e+03
1.678343859996388119e+03
1.696838500373013630e+03
1.715390385762401820e+03
1.733999049742423949e+03
1.752664032480967080e+03
1.771384880663023068e+03
1.790161147417769371e+03
1.808992392245719884e+03
1.827878180946008570e+03
1.846818085543865891e+03
1.865811684218355140e+03
1.884858561230412761e+03
1.903958306851238603e+03
1.923110517291073620e+03
1.942314794628387062e+03
1.961570746739497508e+03
1.980877987228610891e+03
2.000236135358284628e+03
2.019644815980277144e+03
2.039103659466750514e+03
2.058612301641765953e+03
2.078170383713002138e+03
2.097777552203608593e+03
2.117433458884088850e+03
2.137137760704106313e+03
2.156890119724084343e+03
2.176690203046453007e+03
2.196537682746418795e+03
2.216432235802095875e+03
2.236373544023842896e+03
2.256361293982678035e+03
2.276395176937602173e+03
2.296474888761725197e+03
2.316600129867044416e+03
2.336770605127788713e+03
2.356986023802237469e+03
2.377246099452945145e+03
2.397550549865332869e+03
2.417899096964637465e+03
2.438291466731237051e+03
2.458727389114395919e+03
2.479206597944506029e+03
2.499728830843941978e+03
2.520293829136662225e+03
2.540901337756731209e+03
2.561551105155949244e+03
2.582242883210824857e+03
2.602976427129124659e+03
2.623751495356254964e+03
2.644567849481768917e+03
2.665425254146269253e+03
2.686323476949016822e+03
2.707262288356514546e+03
2.728241461612393778e+03
2.749260772648860438e+03
2.770320000000000164e+03
2.791410000000000764e+03
2.812500000000000455e+03
2.833590000000000146e+03
2.854680000000000746e+03
2.875770000000000437e+03
2.896860000000000127e+03
2.917950000000000273e+03
2.939040000000000418e+03
2.960130000000000564e+03
2.981219999999999800e+03
3.002310000000000400e+03
3.023400000000000091e+03
3.044490000000000691e+03
3.065579999999999927e+03
3.086670000000000073e+03
3.107759999999999764e+03
3.128850000000000364e+03
3.149940000000000509e+03
3.171029999999999745e+03
3.192119999999999891e+03
3.213210000000000036e+03
3.234300000000000182e+03
3.255389999999999873e+03
3.276479999999999563e+03
3.297569999999999709e+03
3.318660000000000309e+03
3.339750000000000000e+03
3.360840000000000600e+03
3.381930000000000746e+03
3.403019999999999982e+03
3.424110000000000127e+03
3.445200000000000273e+03
3.466290000000000418e+03
3.487380000000000564e+03
3.508469999999999800e+03
3.529559999999999945e+03
3.550650000000000091e+03
3.571740000000000691e+03
3.592829999999999927e+03
3.613920000000000073e+03
3.635010000000000218e+03
3.656100000000000364e+03
3.677190000000000509e+03
3.698279999999999745e+03
3.719369999999999891e+03
3.740460000000000491e+03
3.761550000000000182e+03
3.782639999999999418e+03
3.803729999999999563e+03
3.824820000000000164e+03
3.845909999999999854e+03
3.866999999999999545e+03
3.888090000000000600e+03
3.909180000000000746e+03
3.930270000000000437e+03
3.951360000000000127e+03
3.972450000000000273e+03
3.993540000000000873e+03
4.014630000000001019e+03
4.035720000000000709e+03
4.056810000000000400e+03
4.077900000000000546e+03
4.098990000000000691e+03
4.120079999999999927e+03
4.141170000000000982e+03
4.162260000000000218e+03
4.183350000000000364e+03
4.204440000000000509e+03
4.225529999999999745e+03
4.246619999999999891e+03
4.267710000000000946e+03
4.288800000000000182e+03
4.309889999999999418e+03
4.330979999999999563e+03
4.352070000000000618e+03
4.373159999999999854e+03
4.394250000000000000e+03
4.415340000000000146e+03
4.436430000000000291e+03
4.457520000000000437e+03
4.478610000000000582e+03
4.499700000000000728e+03
4.520790000000000873e+03
4.541880000000001019e+03
4.562970000000001164e+03
4.584060000000000400e+03
4.605150000000000546e+03
4.626240000000000691e+03
4.647329999999999927e+03
4.668420000000000982e+03
4.689510000000001128e+03
4.710600000000000364e+03
4.731690000000000509e+03
4.752779999999999745e+03
4.773870000000001710e+03
4.794960000000000036e+03
4.816050000000000182e+03
4.837139999999999418e+03
4.858230000000000473e+03
4.879320000000000618e+03
4.900409999999999854e+03
4.921500000000000000e+03
4.942590000000001055e+03
4.963679999999999382e+03
4.984770000000000437e+03
5.005860000000000582e+03
5.026950000000000728e+03
5.048039999999999964e+03
5.069130000000001019e+03
5.090220000000001164e+03
5.111310000000000400e+03
5.132399999999999636e+03
5.153490000000000691e+03
5.174579999999999927e+03
5.195670000000000982e+03
5.216760000000002037e+03
5.237850000000000364e+03
5.258940000000000509e+03
5.280029999999999745e+03
5.301120000000001710e+03
5.322210000000000036e+03
5.343299999999999272e+03
5.364389999999999418e+03
5.385480000000001382e+03
5.406570000000000618e+03
5.427660000000000764e+03
5.448750000000000000e+03
5.469840000000000146e+03
5.490929999999999382e+03
5.512020000000001346e+03
5.533110000000000582e+03
5.533110000000000582e+03
