-8.000000000000000000e+01
-7.356930430841129009e+01
-7.315047425174607554e+01
-7.272709350088418034e+01
-7.075327830584517130e+01
-6.467134881884703645e+01
-5.126572878454442872e+01
-2.750792862398883543e+01
8.894769234771775501e+00
5.933465077177314839e+01
1.243819721724110110e+02
2.039652346115730097e+02
2.975664838258463760e+02
4.043910711577604502e+02
5.234990928790326734e+02
6.538993581525938907e+02
7.946120622030798586e+02
9.447075132721500950e+02
1.103327674839365500e+03
1.269696116192449608e+03
1.443120671054609602e+03
1.622991804759815295e+03
1.808778463048315189e+03
2.000022197755383559e+03
2.196329838766162993e+03
2.397364949055286161e+03
2.602838566646974414e+03
2.812500000000000455e+03
3.023400000000000091e+03
3.234300000000000182e+03
3.445200000000000273e+03
3.656100000000000364e+03
3.866999999999999545e+03
4.077900000000000546e+03
4.288800000000000182e+03
4.499700000000000728e+03
4.710600000000000364e+03
4.921500000000000000e+03
5.132399999999999636e+03
5.343299999999999272e+03
5.554200000000000728e+03
5.765100000000001273e+03
5.976000000000000000e+03
6.186899999999999636e+03
6.397800000000000182e+03
6.608700000000000728e+03
6.819600000000000364e+03
7.030500000000000000e+03
7.241400000000000546e+03
7.452300000000001091e+03
7.663200000000000728e+03
7.874100000000000364e+03
8.085000000000000000e+03
8.295899999999999636e+03
8.506800000000001091e+03
8.717700000000000728e+03
8.928600000000002183e+03
9.139500000000000000e+03
9.350400000000001455e+03
9.561300000000001091e+03
9.772200000000000728e+03
9.983100000000002183e+03
1.019400000000000000e+04
1.040490000000000146e+04
1.061579999999999927e+04
1.082670000000000073e+04
1.103760000000000036e+04
1.124850000000000182e+04
1.145939999999999964e+04
1.167029999999999927e+04
1.188120000000000073e+04
1.209210000000000036e+04
1.230300000000000000e+04
1.251390000000000146e+04
1.272479999999999927e+04
1.293570000000000073e+04
1.314659999999999854e+04
1.335750000000000000e+04
1.356840000000000146e+04
1.377929999999999927e+04
1.377929999999999927e+04
