-6.000000000000000000e+01
-5.517963272005213327e+01
-5.488747339926616320e+01
-5.484708077525245074e+01
-5.483874268143307518e+01
-5.483653021753410428e+01
-5.483578423817338177e+01
-5.483531921695736600e+01
-5.483454376118031348e+01
-5.483274805797048401e+01
-5.482878629846538132e+01
-5.482084554039148827e+01
-5.480624934277266647e+01
-5.478129609964735636e+01
-5.474114003534893413e+01
-5.467972043374753355e+01
-5.458974025843480860e+01
-5.446269135031948139e+01
-5.428892055214086554e+01
-5.405772945722878120e+01
-5.375749982763361601e+01
-5.337583682206958713e+01
-5.289972277238240395e+01
-5.231567514268014207e+01
-5.160990333940803509e+01
-5.076846010025224842e+01
-4.977738419956629912e+01
-4.862283212276749822e+01
-4.729119715865267892e+01
-4.576921502920270513e+01
-4.404405572379825173e+01
-4.210340163777750178e+01
-3.993551244627202834e+01
-3.752927738701346527e+01
-3.487425579417782018e+01
-3.196070683246162503e+01
-2.877960943839800123e+01
-2.532267349496224185e+01
-2.158234325483281069e+01
-1.755179399489882996e+01
-1.322492283605626895e+01
-8.596334603142107511e+00
-3.661323534119711010e+00
1.584148421427855835e+00
7.143476044343665343e+00
1.301943742721992159e+01
1.921422216025825946e+01
2.572946065013279693e+01
3.256625415958524883e+01
3.972520521043309571e+01
4.720644804313720755e+01
5.500967887202988038e+01
6.313418571682918667e+01
7.157887762832973522e+01
8.034231315937624629e+01
8.942272796164873228e+01
9.881806141469164118e+01
1.085259822162824150e+02
1.185439128829375335e+02
1.288690531263764285e+02
1.394984020863619207e+02
1.504287794127655786e+02
1.616568452001974663e+02
1.731791187873137403e+02
1.849919964401715902e+02
1.970917679449101172e+02
2.094746321397946360e+02
2.221367114203798963e+02
2.350740652543972544e+02
2.482827027450490220e+02
2.617585942828239354e+02
2.754976823268108888e+02
2.894958913568889329e+02
3.037491370381677029e+02
3.182533346387181155e+02
3.330044067410298680e+02
3.479982902867981238e+02
3.632309429936385072e+02
3.786983491811736826e+02
3.943965250426853117e+02
4.103215233971808402e+02
4.264694379553421868e+02
4.428364071313861814e+02
4.594186174314296522e+02
4.762123064475039200e+02
4.932137654849225896e+02
5.104193418492872638e+02
5.278254408180216615e+02
5.454285273199623134e+02
5.632251273452131954e+02
5.812118291061733544e+02
5.993852839694250179e+02
6.177422071769495915e+02
6.362793783740067965e+02
6.549936419598873272e+02
6.738819072767126954e+02
6.929411486504319555e+02
7.121684052972150312e+02
7.315607811075366271e+02
7.511154443193944417e+02
7.708296270913112949e+02
7.907006249850384165e+02
8.107257963672021788e+02
8.309025617385335636e+02
8.512284029987605436e+02
8.717008626547640233e+02
8.923175429791617717e+02
9.130761051260967633e+02
9.339742682106532357e+02
9.550098083579988497e+02
9.761805577280252919e+02
9.974844035209138156e+02
1.018919286968684332e+03
1.040483202317366704e+03
1.062174195803932435e+03
1.083990364631555849e+03
1.105929855946134921e+03
1.127990865816246014e+03
1.150171638217929512e+03
1.172470464024848297e+03
1.194885680003493007e+03
1.217415667812271749e+03
1.240058853002528167e+03
1.262813704018851922e+03
1.285678731195508590e+03
1.308652485745451713e+03
1.331733558738242436e+03
1.354920580063283978e+03
1.378212217375104728e+03
1.401607175017995132e+03
1.425104192928061821e+03
1.448702045511744927e+03
1.472399540500920693e+03
1.496195517785921993e+03
1.520088848229009500e+03
1.544078432462032879e+03
1.568163199673125519e+03
1.592342106388237880e+03
1.616614135254125131e+03
1.640978293829954964e+03
1.665433613395060547e+03
1.689979147780433777e+03
1.714613972231416028e+03
1.739337182308628144e+03
1.764117930631509807e+03
1.788898678954391016e+03
1.813679427277272225e+03
1.838460175600154344e+03
1.863240923923035325e+03
1.888021672245917216e+03
1.912802420568798652e+03
1.937583168891680316e+03
1.962363917214561297e+03
1.987144665537442734e+03
2.011925413860324397e+03
2.036706162183206061e+03
2.061486910506087497e+03
2.086267658828969161e+03
2.111048407151850370e+03
2.135829155474732033e+03
2.160609903797613697e+03
2.185390652120494906e+03
2.210171400443377024e+03
2.234952148766257778e+03
2.259732897089139442e+03
2.284513645412021106e+03
2.309294393734902769e+03
2.334075142057783523e+03
2.358855890380665187e+03
2.383636638703546851e+03
2.408417387026428059e+03
2.433198135349309723e+03
2.457978883672191841e+03
2.482759631995072141e+03
2.507540380317954714e+03
2.532321128640835923e+03
2.557101876963717132e+03
2.581882625286598795e+03
2.606663373609480004e+03
2.631444121932361213e+03
2.656224870255242877e+03
2.681005618578124540e+03
2.705786366901005749e+03
2.730567115223887413e+03
2.755347863546769531e+03
2.780128611869649831e+03
2.804909360192531494e+03
2.829690108515413158e+03
2.854470856838294822e+03
2.879251605161177395e+03
2.904032353484058149e+03
2.928813101806939812e+03
2.953593850129821476e+03
2.978374598452702230e+03
3.003155346775583894e+03
3.027936095098465557e+03
3.052716843421346766e+03
3.077497591744227975e+03
3.102278340067110094e+03
3.127059088389991302e+03
3.151839836712872057e+03
