0.000000000000000000e+00
1.178724041437751687e-07
1.256210533521733590e-05
3.037123288651852825e-04
3.189115592974153465e-03
1.935155501913589371e-02
8.022540787485590852e-02
2.531192984993363981e-01
6.532175171670654423e-01
1.448500881764463566e+00
2.856957669904845787e+00
5.137759307219192273e+00
8.578911605093891168e+00
1.348373724497895232e+01
2.015795299038856925e+01
2.889843952547425943e+01
3.998423771490376311e+01
5.366989623177872204e+01
7.018103468308981974e+01
8.971184309285463598e+01
1.124241787179764884e+02
1.384479151653661688e+02
1.678822242025489118e+02
2.007975118109349069e+02
2.372377766965181252e+02
2.772232054661452594e+02
3.207528606176782660e+02
3.678073538324870810e+02
4.183514273868242981e+02
4.723363910570052440e+02
5.297023812621338266e+02
5.903804240867500539e+02
6.542942949940780863e+02
7.213621761733330686e+02
7.914981181797479621e+02
8.646133163529685817e+02
9.406172148796700867e+02
1.019418452659440504e+03
1.100925665626790078e+03
1.185048160102541260e+03
1.271696471269035101e+03
1.360782820117901565e+03
1.452221481305436555e+03
1.545929073342075753e+03
1.641824781492803368e+03
1.739830522714064955e+03
1.839871060929559462e+03
1.941874079974600818e+03
2.045770220634902898e+03
2.151493087386972093e+03
2.258979229730933639e+03
2.368168102412832468e+03
2.479002008385949921e+03
2.591426028081086315e+03
2.705387938449898229e+03
2.820838125280781696e+03
2.937729492369822310e+03
3.056017371097189425e+03
3.175659433604218520e+03
3.296615611899646865e+03
3.418848023765302059e+03
3.542320904392831380e+03
3.667000540591580375e+03
3.792855202652599019e+03
3.919855068049209422e+03
4.047972131469917258e+03
4.177180097297698012e+03
4.307454253314219386e+03
4.438771327579703211e+03
4.571109333446234814e+03
4.704447409882279317e+03
4.838025621343264902e+03
4.971603832804253216e+03
5.105182044265238801e+03
5.238760255726227115e+03
5.372338467187214519e+03
5.505916678648201014e+03
5.639494890109188418e+03
5.773073101570175822e+03
5.906651313031162317e+03
6.040229524492150631e+03
6.173807735953138035e+03
6.307385947414123621e+03
6.440964158875111025e+03
6.574542370336097520e+03
6.708120581797084924e+03
6.841698793258072328e+03
6.975277004719060642e+03
7.108855216180046227e+03
7.242433427641031813e+03
7.376011639102020126e+03
7.509589850563006621e+03
7.643168062023994025e+03
7.776746273484980520e+03
7.910324484945968834e+03
8.043902696406957148e+03
8.177480907867942733e+03
8.311059119328929228e+03
8.444637330789917542e+03
8.578215542250904036e+03
8.711793753711890531e+03
