0.000000000000000000e+00
1.317194425310655622e-08
1.459193676621050988e-06
3.670146910172559010e-05
4.005774951290842680e-04
2.520482556176754495e-03
1.079930067084425814e-02
3.509098965652034802e-02
9.295604150570360713e-02
2.109675858567992834e-01
4.247960743160366648e-01
7.782009384195768265e-01
1.321263007406782819e+00
2.108230176926142452e+00
3.195293076128977283e+00
4.638516996244575807e+00
6.492066506432368378e+00
8.806785902638734953e+00
1.162914600301141910e+01
1.500053405673536666e+01
1.895684472530478004e+01
2.352832201607711937e+01
2.873960106139513115e+01
3.460990193090817257e+01
4.115333322394843663e+01
4.837926965630019538e+01
5.629277437602040379e+01
6.489504281933672303e+01
7.418385029733865110e+01
8.415399009259465402e+01
9.479769264420451691e+01
1.061050194671381206e+02
1.180642278710425046e+02
1.306621044085147503e+02
1.438842663855393198e+02
1.577154317927957266e+02
1.721396587414798205e+02
1.871405559760043218e+02
2.027014663427189305e+02
2.188056252631163261e+02
2.354362963276656160e+02
2.525768861207728548e+02
2.702110403304316719e+02
2.883227231047553119e+02
3.068962815044108083e+02
3.259164967743389525e+02
3.453686240267724656e+02
3.652384217952173344e+02
3.855121727890390844e+02
4.061766970528047977e+02
4.272193586150518172e+02
4.486280665985778455e+02
4.703912716592506058e+02
4.924979585229957024e+02
5.149376353011354013e+02
5.377003201825776841e+02
5.607765260273469039e+02
5.841572433193505276e+02
6.078339218768459205e+02
6.317984516667008847e+02
6.560431430235580592e+02
6.805607065387728198e+02
7.053442328595361914e+02
7.303871726308104826e+02
7.556833168272384000e+02
7.812267777615637669e+02
8.070119711135049556e+02
8.330335993757611277e+02
8.592866371217166943e+02
8.857663184132998140e+02
9.124681264493507342e+02
9.393877852038374385e+02
9.665212523739479593e+02
9.938647125585155209e+02
1.021414569350129000e+03
1.049167435059686568e+03
1.077120117140799948e+03
1.105269600990283379e+03
1.133613029533535610e+03
1.162147680682022383e+03
1.190704998623979463e+03
1.219262316565936317e+03
1.247819634507893170e+03
1.276376952449850251e+03
1.304934270391806876e+03
1.333491588333763957e+03
1.362048906275721038e+03
1.390606224217678118e+03
1.419163542159634972e+03
1.447720860101591597e+03
1.476278178043548678e+03
1.504835495985505531e+03
1.533392813927462612e+03
1.561950131869419238e+03
1.590507449811376318e+03
1.619064767753333399e+03
1.647622085695290480e+03
1.676179403637247106e+03
1.704736721579204186e+03
1.733294039521161039e+03
1.761851357463117893e+03
